5.749821452000000374e-03 3.658349810568000317e+09
1.023557016999999958e-02 7.543100182240000963e+08
1.526210861999999918e-02 3.114479549492000580e+09
2.031268157999999852e-02 2.608160427340000153e+09
2.516689365999999831e-02 2.330869732636000156e+09
3.020485569000000078e-02 1.662991968248000145e+09
3.517139455999999942e-02 1.171934794128000259e+09
4.012841748999999847e-02 9.148965944079999924e+08
4.507161150999999810e-02 7.963501540319999456e+08
5.004095302000000078e-02 6.442920035960000753e+08
5.507534802999999868e-02 5.544229704400000572e+08
6.006979523000000043e-02 5.013877867919999957e+08
6.512571352000000313e-02 4.498041459600001574e+08
7.011276800000000586e-02 3.888715540999999046e+08
7.502157176000000260e-02 3.087150815559999943e+08
8.004289480000000012e-02 2.825826724120000005e+08
8.504872849000000290e-02 2.391542112600000501e+08
9.004322416000000440e-02 1.966954959160000086e+08
9.502533438000000665e-02 1.605826967800000310e+08
1.000098048000000045e-01 1.349043689079999924e+08
1.050414902000000039e-01 1.169855738719999641e+08
1.100224011999999946e-01 1.042243223679999709e+08
1.150261382999999971e-01 9.277507707199998200e+07
1.200170156999999932e-01 8.325193297200000286e+07
1.250220153999999917e-01 7.616591579999999702e+07
1.300299447999999913e-01 6.989419779999999702e+07
1.350222863999999967e-01 6.248440717199999094e+07
1.400573883000000019e-01 5.503105547600001097e+07
1.450259341000000035e-01 5.089545554800000787e+07
1.500208962000000035e-01 4.366518164000000060e+07
1.550252591999999874e-01 3.828663406400001049e+07
1.600350037999999919e-01 3.429195067199999839e+07
1.650518757999999975e-01 3.106719899200000241e+07
1.700369519000000107e-01 2.745098288400000706e+07
1.750324034999999889e-01 2.598958964400000498e+07
1.800327620000000128e-01 2.295129173280000687e+07
1.850402522000000050e-01 2.188925477400000393e+07
1.900268005000000093e-01 1.979179049799999595e+07
1.950021078999999991e-01 1.842744489240000397e+07
2.000175532000000034e-01 1.669856425200000033e+07
2.050254397999999867e-01 1.563287656360000186e+07
2.100192253000000009e-01 1.400111956240000017e+07
2.150235125999999941e-01 1.240483849240000173e+07
2.200168332000000115e-01 1.160616580040000007e+07
2.250158395000000089e-01 1.085936443239999749e+07
2.300283425000000104e-01 9.459019413599999622e+06
2.350266310999999941e-01 9.128374390000000596e+06
2.400277047999999913e-01 8.503670117599999532e+06
2.450343767000000006e-01 7.714351333600001410e+06
2.500284222999999972e-01 7.164973809600003064e+06
2.550135523000000015e-01 6.913020570800001733e+06
2.600104261999999777e-01 6.403872091599998064e+06
2.650264449999999994e-01 6.073769559200000949e+06
2.700239790999999778e-01 5.222770122399999760e+06
2.750214206000000106e-01 5.147995149200000800e+06
2.800271402000000243e-01 4.787430316399998963e+06
2.850330764999999822e-01 4.370756334800000302e+06
2.900181177000000221e-01 3.826212582399999723e+06
2.950002099999999849e-01 3.721616931599999778e+06
3.000130181999999812e-01 3.548040260399999563e+06
3.050127028999999879e-01 3.138487229599999730e+06
3.100223107999999783e-01 3.177021734400000423e+06
3.150107920999999922e-01 2.854362518800001126e+06
3.200085793999999928e-01 2.628944520399999339e+06
3.250245656999999899e-01 2.500572380400000140e+06
3.300110280999999923e-01 2.253301506400000304e+06
3.350135819000000237e-01 2.181304312400000636e+06
3.400110644000000071e-01 2.061474623199999565e+06
3.450110346999999966e-01 2.064575156399999280e+06
3.500163259999999887e-01 1.845927176400000462e+06
3.550142244000000225e-01 1.690116038000000641e+06
3.600207995999999966e-01 1.647245740799999796e+06
3.650118775000000260e-01 1.574700406399999512e+06
3.700131461999999760e-01 1.461756619600000326e+06
3.750178209999999734e-01 1.251400607600000454e+06
3.800033046999999886e-01 1.261612534000000451e+06
3.850156697000000072e-01 1.147407116800000658e+06
3.900278186999999730e-01 1.148014316399999661e+06
3.950099469000000196e-01 1.030587690399999963e+06
4.000034444000000189e-01 1.040749768799999030e+06
