5.749821452000000374e-03 3.592673885853199005e+09
1.023557016999999958e-02 -1.596286362760040045e+09
1.526210861999999918e-02 3.585198674700399637e+08
2.031268157999999852e-02 1.168117345018800020e+09
2.516689365999999831e-02 6.094142238312000036e+08
3.020485569000000078e-02 5.661650958812000751e+08
3.517139455999999942e-02 5.183544222155999541e+08
4.012841748999999847e-02 4.541539668167999983e+08
4.507161150999999810e-02 4.148055825187999606e+08
5.004095302000000078e-02 2.789901998480000496e+08
5.507534802999999868e-02 2.123407940576000214e+08
6.006979523000000043e-02 2.140593585436000526e+08
6.512571352000000313e-02 1.614388879955999851e+08
7.011276800000000586e-02 1.486281626491999924e+08
7.502157176000000260e-02 9.951746572399999201e+07
8.004289480000000012e-02 9.897714900920000672e+07
8.504872849000000290e-02 8.962642441759997606e+07
9.004322416000000440e-02 6.268240894639999419e+07
9.502533438000000665e-02 5.426592669200000912e+07
1.000098048000000045e-01 3.831246343844799697e+07
1.050414902000000039e-01 3.929227673519999534e+07
1.100224011999999946e-01 2.342452554080000892e+07
1.150261382999999971e-01 2.804128986419999599e+07
1.200170156999999932e-01 1.932303319476000220e+07
1.250220153999999917e-01 1.722851120540000126e+07
1.300299447999999913e-01 1.195273334265599959e+07
1.350222863999999967e-01 1.504555335083999857e+07
1.400573883000000019e-01 1.094831707766400091e+07
1.450259341000000035e-01 8.902490669240001589e+06
1.500208962000000035e-01 7.985384853199999779e+06
1.550252591999999874e-01 5.936547403599998914e+06
1.600350037999999919e-01 5.305410793559199199e+06
1.650518757999999975e-01 4.256382716940001585e+06
1.700369519000000107e-01 1.922539626353599830e+06
1.750324034999999889e-01 2.608323939220760018e+06
1.800327620000000128e-01 1.512326244824800175e+06
1.850402522000000050e-01 1.648732389594840119e+06
1.900268005000000093e-01 1.508498075023920042e+06
1.950021078999999991e-01 -1.001611138559999876e+06
2.000175532000000034e-01 9.815356360840007255e+04
2.050254397999999867e-01 -3.199690858200000948e+05
2.100192253000000009e-01 -1.044652410480000195e+06
2.150235125999999941e-01 -4.841362266480001272e+05
2.200168332000000115e-01 -1.012862408428000053e+06
2.250158395000000089e-01 -9.459299198359997245e+05
2.300283425000000104e-01 -6.109253267200000118e+05
2.350266310999999941e-01 -1.959415027679999825e+06
2.400277047999999913e-01 -1.267297330760000041e+06
2.450343767000000006e-01 -1.470948948039999930e+06
2.500284222999999972e-01 -1.281775006919999607e+06
2.550135523000000015e-01 -1.121538245640000328e+06
2.600104261999999777e-01 -1.111601205640000058e+06
2.650264449999999994e-01 -1.572975909680000274e+06
2.700239790999999778e-01 -1.204851125599999912e+06
2.750214206000000106e-01 -1.481625947879999643e+06
2.800271402000000243e-01 -1.728504216479999712e+06
2.850330764999999822e-01 -1.488982593200000003e+06
2.900181177000000221e-01 -1.166945306839999743e+06
2.950002099999999849e-01 -1.487600668240000028e+06
3.000130181999999812e-01 -1.540668050879999762e+06
3.050127028999999879e-01 -1.333306813559999922e+06
3.100223107999999783e-01 -1.416407546280000126e+06
3.150107920999999922e-01 -1.257541890840000007e+06
3.200085793999999928e-01 -1.296809195719999960e+06
3.250245656999999899e-01 -1.157709409560000058e+06
3.300110280999999923e-01 -1.211959471439999994e+06
3.350135819000000237e-01 -9.554985017600002466e+05
3.400110644000000071e-01 -1.164899695479999995e+06
3.450110346999999966e-01 -1.122323686280000256e+06
3.500163259999999887e-01 -1.051204941559999948e+06
3.550142244000000225e-01 -1.031598669560000184e+06
3.600207995999999966e-01 -1.065953591079999926e+06
3.650118775000000260e-01 -8.901707544800000032e+05
3.700131461999999760e-01 -9.802010179999998072e+05
3.750178209999999734e-01 -8.561765416400000686e+05
3.800033046999999886e-01 -9.748163012000003364e+05
3.850156697000000072e-01 -9.001633019199997652e+05
3.900278186999999730e-01 -8.977202242800000822e+05
3.950099469000000196e-01 -8.027826914799999213e+05
4.000034444000000189e-01 -8.065660405200001551e+05
