5.749821452000000374e-03 3.301610429724000278e+04
1.023557016999999958e-02 -1.831590097092000360e+04
1.526210861999999918e-02 1.065284109268000066e+04
2.031268157999999852e-02 -2.794017680807999568e+03
2.516689365999999831e-02 -1.158934161757599895e+03
3.020485569000000078e-02 7.736529603360000920e+02
3.517139455999999942e-02 -2.586570132167999873e+03
4.012841748999999847e-02 2.223646095231360050e+03
4.507161150999999810e-02 -1.466627262829199935e+03
5.004095302000000078e-02 1.115041725665200147e+03
5.507534802999999868e-02 5.876939693235999584e+02
6.006979523000000043e-02 -8.055557289824000691e+02
6.512571352000000313e-02 5.963913804595999864e+02
7.011276800000000586e-02 -5.372682557859998269e+02
7.502157176000000260e-02 4.497005624031999673e+02
8.004289480000000012e-02 -1.924123464375999788e+02
8.504872849000000290e-02 3.441190354060000232e+02
9.004322416000000440e-02 5.477345088679999208e+02
9.502533438000000665e-02 -2.531057320336880707e+02
1.000098048000000045e-01 3.907283417041199414e+02
1.050414902000000039e-01 -2.400640874159999782e+01
1.100224011999999946e-01 1.233766909944000076e+02
1.150261382999999971e-01 2.707757250357199723e+02
1.200170156999999932e-01 -1.889827475348000121e+02
1.250220153999999917e-01 6.587565749708001306e+01
1.300299447999999913e-01 3.851764388808000206e+01
1.350222863999999967e-01 9.165186556620000147e+01
1.400573883000000019e-01 5.246424078079920861e+01
1.450259341000000035e-01 -4.733700701559998691e+01
1.500208962000000035e-01 1.868260696476000078e+02
1.550252591999999874e-01 2.990014791600005939e+00
1.600350037999999919e-01 9.951921255880000672e+01
1.650518757999999975e-01 -3.370835121679999702e+01
1.700369519000000107e-01 -2.183200436639999964e+01
1.750324034999999889e-01 1.382561368711999990e+02
1.800327620000000128e-01 -4.039968288311999345e+01
1.850402522000000050e-01 2.135384620879999318e+01
1.900268005000000093e-01 1.012791126612000028e+02
1.950021078999999991e-01 2.985348392368000248e+01
2.000175532000000034e-01 5.971400499077598312e+01
2.050254397999999867e-01 -4.113329880519999193e+01
2.100192253000000009e-01 1.004361800214800127e+02
2.150235125999999941e-01 8.932234815199997513e+00
2.200168332000000115e-01 3.761816752640000061e+01
2.250158395000000089e-01 3.100446134092000250e+01
2.300283425000000104e-01 2.952950064720000256e+01
2.350266310999999941e-01 8.309265732720001552e+01
2.400277047999999913e-01 7.739185562676000529e+01
2.450343767000000006e-01 3.908417666848001204e+01
2.500284222999999972e-01 5.835606163239999944e+01
2.550135523000000015e-01 7.416298872359999450e+01
2.600104261999999777e-01 7.882237106856000253e+01
2.650264449999999994e-01 4.724114057995600291e+01
2.700239790999999778e-01 7.513523181400000794e+01
2.750214206000000106e-01 1.021103118571999744e+02
2.800271402000000243e-01 9.619359587673599776e+01
2.850330764999999822e-01 9.748444326520001368e+01
2.900181177000000221e-01 7.945961504645200080e+01
2.950002099999999849e-01 1.299700076407999916e+02
3.000130181999999812e-01 1.034754994030800077e+02
3.050127028999999879e-01 1.130996533451199895e+02
3.100223107999999783e-01 1.313469952441199950e+02
3.150107920999999922e-01 1.341316540793200431e+02
3.200085793999999928e-01 1.573439899620000233e+02
3.250245656999999899e-01 1.348044091751600035e+02
3.300110280999999923e-01 1.417087030367480054e+02
3.350135819000000237e-01 1.375946510660000115e+02
3.400110644000000071e-01 1.520345646700000088e+02
3.450110346999999966e-01 1.419967209296000021e+02
3.500163259999999887e-01 1.441114393791999930e+02
3.550142244000000225e-01 1.549543421516000024e+02
3.600207995999999966e-01 1.776182547554400060e+02
3.650118775000000260e-01 1.858917094067999756e+02
3.700131461999999760e-01 1.751238706131999834e+02
3.750178209999999734e-01 1.810757713927120562e+02
3.800033046999999886e-01 1.895813045840000370e+02
3.850156697000000072e-01 1.865711287992000109e+02
3.900278186999999730e-01 1.811286497559999873e+02
3.950099469000000196e-01 2.016486886475999256e+02
4.000034444000000189e-01 2.035806051131999936e+02
