5.749821452000000374e-03 2.967552543239999432e+04
1.023557016999999958e-02 3.752011142160000600e+04
1.526210861999999918e-02 4.115380847760000324e+04
2.031268157999999852e-02 4.082715696759999992e+04
2.516689365999999831e-02 3.783752715920000628e+04
3.020485569000000078e-02 3.379853653240000131e+04
3.517139455999999942e-02 2.931660681240000122e+04
4.012841748999999847e-02 2.560700468239999827e+04
4.507161150999999810e-02 2.302384856319999744e+04
5.004095302000000078e-02 2.077791796239999894e+04
5.507534802999999868e-02 1.932817167399999744e+04
6.006979523000000043e-02 1.822133009160000074e+04
6.512571352000000313e-02 1.712684127599999920e+04
7.011276800000000586e-02 1.609553820800000358e+04
7.502157176000000260e-02 1.476966445080000449e+04
8.004289480000000012e-02 1.362947928120000324e+04
8.504872849000000290e-02 1.239010139280000294e+04
9.004322416000000440e-02 1.113237681080000038e+04
9.502533438000000665e-02 9.986717556800000239e+03
1.000098048000000045e-01 9.168889778400003706e+03
1.050414902000000039e-01 8.496085347199998068e+03
1.100224011999999946e-01 7.961161815600000409e+03
1.150261382999999971e-01 7.597070573599999989e+03
1.200170156999999932e-01 7.246543593199999123e+03
1.250220153999999917e-01 6.928627358000000640e+03
1.300299447999999913e-01 6.604124959200001285e+03
1.350222863999999967e-01 6.232624785200001497e+03
1.400573883000000019e-01 5.871843700800000079e+03
1.450259341000000035e-01 5.499857419199999640e+03
1.500208962000000035e-01 5.106873027600001478e+03
1.550252591999999874e-01 4.786761767599999075e+03
1.600350037999999919e-01 4.459233519600000363e+03
1.650518757999999975e-01 4.208627871439999581e+03
1.700369519000000107e-01 3.972840144720000808e+03
1.750324034999999889e-01 3.788012126440000884e+03
1.800327620000000128e-01 3.632551199000000452e+03
1.850402522000000050e-01 3.500388249999999516e+03
1.900268005000000093e-01 3.359968053480000435e+03
1.950021078999999991e-01 3.236007842000000437e+03
2.000175532000000034e-01 3.065198271359999580e+03
2.050254397999999867e-01 2.927290902159999860e+03
2.100192253000000009e-01 2.785836961320000682e+03
2.150235125999999941e-01 2.639248628639999879e+03
2.200168332000000115e-01 2.506836409519999506e+03
2.250158395000000089e-01 2.390076983440000276e+03
2.300283425000000104e-01 2.276785759800000051e+03
2.350266310999999941e-01 2.181179155599999831e+03
2.400277047999999913e-01 2.091312793639999654e+03
2.450343767000000006e-01 2.014655723159999980e+03
2.500284222999999972e-01 1.945594290519999959e+03
2.550135523000000015e-01 1.883155468759999849e+03
2.600104261999999777e-01 1.797896805560000075e+03
2.650264449999999994e-01 1.726411173839999719e+03
2.700239790999999778e-01 1.653509712519999539e+03
2.750214206000000106e-01 1.596696697319999885e+03
2.800271402000000243e-01 1.526115082959999881e+03
2.850330764999999822e-01 1.464495462599999655e+03
2.900181177000000221e-01 1.403359155559999863e+03
2.950002099999999849e-01 1.357064201679999769e+03
3.000130181999999812e-01 1.303028658159999850e+03
3.050127028999999879e-01 1.264396197000000029e+03
3.100223107999999783e-01 1.215033871480000016e+03
3.150107920999999922e-01 1.166941216440000062e+03
3.200085793999999928e-01 1.123713774680000142e+03
3.250245656999999899e-01 1.086645125039999812e+03
3.300110280999999923e-01 1.051490500399999974e+03
3.350135819000000237e-01 1.011135365959999945e+03
3.400110644000000071e-01 9.807622319199998628e+02
3.450110346999999966e-01 9.523843256800000745e+02
3.500163259999999887e-01 9.185721927999999252e+02
3.550142244000000225e-01 8.843964814000000842e+02
3.600207995999999966e-01 8.593630588400000079e+02
3.650118775000000260e-01 8.223944317999998930e+02
3.700131461999999760e-01 8.055109564800000044e+02
3.750178209999999734e-01 7.706755749999999807e+02
3.800033046999999886e-01 7.601573955599998271e+02
3.850156697000000072e-01 7.276029861999999184e+02
3.900278186999999730e-01 7.063190815200000543e+02
3.950099469000000196e-01 6.835514288800000031e+02
4.000034444000000189e-01 6.608657284799998024e+02
