5.749821452000000374e-03 2.391302129053599492e+04
1.023557016999999958e-02 1.785037910632000057e+04
1.526210861999999918e-02 2.018546004400000311e+04
2.031268157999999852e-02 1.881830249131999517e+04
2.516689365999999831e-02 1.777963203276000058e+04
3.020485569000000078e-02 1.610042547780000132e+04
3.517139455999999942e-02 1.331481218487999831e+04
4.012841748999999847e-02 1.120194402343999900e+04
4.507161150999999810e-02 1.060050805127999956e+04
5.004095302000000078e-02 8.853044002279999404e+03
5.507534802999999868e-02 8.365816975399999137e+03
6.006979523000000043e-02 7.739641963160001069e+03
6.512571352000000313e-02 7.329698842720000357e+03
7.011276800000000586e-02 6.438632256840000991e+03
7.502157176000000260e-02 5.971276427239999975e+03
8.004289480000000012e-02 5.184163593320000473e+03
8.504872849000000290e-02 4.849289457040000343e+03
9.004322416000000440e-02 4.217598786040000050e+03
9.502533438000000665e-02 3.604116838760000519e+03
1.000098048000000045e-01 3.344980097920000389e+03
1.050414902000000039e-01 3.085334649719999106e+03
1.100224011999999946e-01 2.778581602519999706e+03
1.150261382999999971e-01 2.453986300000000483e+03
1.200170156999999932e-01 2.158635660599999937e+03
1.250220153999999917e-01 2.033046546440000157e+03
1.300299447999999913e-01 1.847880237239999587e+03
1.350222863999999967e-01 1.638815573399999721e+03
1.400573883000000019e-01 1.440396610639999381e+03
1.450259341000000035e-01 1.346963444080000045e+03
1.500208962000000035e-01 1.188344323275999841e+03
1.550252591999999874e-01 1.122739600648000305e+03
1.600350037999999919e-01 8.741646233160001884e+02
1.650518757999999975e-01 8.238992743199997904e+02
1.700369519000000107e-01 6.926871582719998059e+02
1.750324034999999889e-01 6.037140424479998728e+02
1.800327620000000128e-01 4.789221069479999073e+02
1.850402522000000050e-01 3.946276052039999058e+02
1.900268005000000093e-01 3.162384360159999233e+02
1.950021078999999991e-01 2.277458936703999655e+02
2.000175532000000034e-01 1.314532494207999207e+02
2.050254397999999867e-01 7.780890531879998662e+01
2.100192253000000009e-01 2.230889956182396716e+01
2.150235125999999941e-01 2.289056153280012040e+01
2.200168332000000115e-01 -1.481688522466401992e+01
2.250158395000000089e-01 -9.862048702604808170e+01
2.300283425000000104e-01 -1.098581827767200565e+02
2.350266310999999941e-01 -1.729676088880001430e+02
2.400277047999999913e-01 -1.782378469292000602e+02
2.450343767000000006e-01 -2.473022312599999850e+02
2.500284222999999972e-01 -2.846091152359999796e+02
2.550135523000000015e-01 -3.274576949920001994e+02
2.600104261999999777e-01 -3.172147600320000720e+02
2.650264449999999994e-01 -3.732402195839999308e+02
2.700239790999999778e-01 -3.760624661080000806e+02
2.750214206000000106e-01 -3.994017299960000855e+02
2.800271402000000243e-01 -4.110539084280001134e+02
2.850330764999999822e-01 -4.327406491840000058e+02
2.900181177000000221e-01 -4.453129124680000928e+02
2.950002099999999849e-01 -4.753728432480002084e+02
3.000130181999999812e-01 -4.789266019720001282e+02
3.050127028999999879e-01 -4.916873751080000261e+02
3.100223107999999783e-01 -4.945822513559999720e+02
3.150107920999999922e-01 -5.269139317280001933e+02
3.200085793999999928e-01 -5.328859798960000944e+02
3.250245656999999899e-01 -5.368463770720001094e+02
3.300110280999999923e-01 -5.437173074400001269e+02
3.350135819000000237e-01 -5.442760374440000533e+02
3.400110644000000071e-01 -5.389258616440001788e+02
3.450110346999999966e-01 -5.402977206400000796e+02
3.500163259999999887e-01 -5.647931186279998883e+02
3.550142244000000225e-01 -5.636038027279998914e+02
3.600207995999999966e-01 -5.503881134440002825e+02
3.650118775000000260e-01 -5.637328843520000419e+02
3.700131461999999760e-01 -5.592253923600002281e+02
3.750178209999999734e-01 -5.567975959880000119e+02
3.800033046999999886e-01 -5.597850571920000675e+02
3.850156697000000072e-01 -5.547455917040000486e+02
3.900278186999999730e-01 -5.524148238080000510e+02
3.950099469000000196e-01 -5.489665227039999991e+02
4.000034444000000189e-01 -5.473790602480000871e+02
