5.749820000000000104e-03
1.023556999999999939e-02
1.526211000000000061e-02
2.031267999999999962e-02
2.516689000000000079e-02
3.020486000000000004e-02
3.517138999999999682e-02
4.012841999999999798e-02
4.507160999999999806e-02
5.004095000000000071e-02
5.507535000000000208e-02
6.006979999999999958e-02
6.512571000000000332e-02
7.011277000000000481e-02
7.502156999999999576e-02
8.004289000000000542e-02
8.504873000000000294e-02
9.004321999999999326e-02
9.502533000000000507e-02
1.000097999999999959e-01
1.050414900000000012e-01
1.100224000000000063e-01
1.150261399999999989e-01
1.200170200000000020e-01
1.250220200000000115e-01
1.300299400000000105e-01
1.350222899999999893e-01
1.400573900000000038e-01
1.450259299999999973e-01
1.500209000000000126e-01
1.550252599999999981e-01
1.600350000000000106e-01
1.650518800000000119e-01
1.700369499999999923e-01
1.750324000000000046e-01
1.800327599999999861e-01
1.850402499999999895e-01
1.900267999999999957e-01
1.950021100000000063e-01
2.000175499999999884e-01
2.050254400000000032e-01
2.100192300000000012e-01
2.150235100000000010e-01
2.200168299999999966e-01
2.250158399999999947e-01
2.300283399999999978e-01
2.350266299999999864e-01
2.400277000000000105e-01
2.450343799999999961e-01
2.500284199999999735e-01
2.550135499999999777e-01
2.600104300000000146e-01
2.650264399999999743e-01
2.700239799999999968e-01
2.750214200000000164e-01
2.800271400000000077e-01
2.850330799999999942e-01
2.900181199999999904e-01
2.950002099999999849e-01
3.000130200000000191e-01
3.050127000000000255e-01
3.100223100000000231e-01
3.150107899999999850e-01
3.200085799999999869e-01
3.250245700000000126e-01
3.300110299999999830e-01
3.350135799999999775e-01
3.400110599999999761e-01
3.450110299999999963e-01
3.500163299999999866e-01
3.550142199999999915e-01
3.600207999999999742e-01
3.650118800000000108e-01
3.700131500000000129e-01
3.750178200000000017e-01
3.800032999999999883e-01
3.850156699999999765e-01
3.900278200000000250e-01
3.950099499999999986e-01
4.000034399999999879e-01
